%YAML:1.0
---
u_L: 2.8753500000000004e+03
v_L: 1.9223999999999999e+03
